 15   26   1.78   71     1   2    2
 21   25   1.8    75     0   3    2
 6    26   1.7    68     0   5    4
 7    19   1.69   67     0   1    3
 1    28   1.78   78     0   5    3
 7    29   1.8    73.5   1   5    3
 18   30   1.83   82     0   2    1
 4    31   1.8    67     0   9    3
 0    25   1.85   70     0   5    4
 0    33   1.76   75.5   0   4    2
 24   22   1.83   70     0   5    4
 14   18   1.72   68     0   1    3
 10   25   1.8    79     0   1    3
 3    25   1.92   80     0   5    4
 3    29   1.73   69     0   8    2
 13   30   1.86   79     0   5    3
 5    25   1.79   75     0   5    4
 22   24   1.75   69     0   5    3
 1    33   1.77   75.5   0   1    1
 0    36   1.81   78     1   5    3
 2    20   1.7    60     0   5    3
 6    21   1.83   74     1   5    3
 7    32   1.82   75     0   5    3
 2    23   1.71   64     0   2    2
 12   29   1.92   82     1   6    1
 9    31   1.84   71     0   5    3
 8    22   1.92   78     0   5    3
 3    28   1.81   79     1   5    4
 7    26   1.86   80     0   5    3
 2    24   1.82   78     1   1    2
 10   28   1.82   75     0   1    2
 17   27   1.72   75     0   7    3
 4    25   1.75   69.5   0   5    3
 0    30   1.8    73     1   5    3
 4    31   1.87   80     1   4    4
 6    30   1.84   74     0   7    1
 10   28   1.77   74     0   5    3
 2    30   1.69   69     0   5    3
 8    25   1.8    68     0   5    3
 4    21   1.8    72     1   5    3
 6    26   1.68   60     1   1    2
 9    27   1.81   78     0   1    2
 3    32   1.71   68     1   2    2
 7    23   1.76   69     0   5    3
 5    21   1.73   70.5   0   5    3
 6    27   1.82   74     1   2    3
 2    30   1.83   80     0   5    4
 5    22   1.81   78     0   5    3
 7    29   1.75   73     0   5    2
 0    25   1.84   78     0   5    3